8056597127424
8056597127349
8056597129770
8056262675533
8056597129831
8056597757690
8056597757737
8056597842136
8056597842099
8056597946179
8056597946285
8056262064061
8056262064078
8056262064092
8056262256824
8056262256862
8056262256886
8056262474464
8056262474471
8056262474488
8056262474518
8056262474525
8056262474532
8056262475294
8056262475317
8056262474143
8056262474150
8056262474037
8056262474051
8056262475041
8056262474952
8056262623053
8056262623060
8056262623077
8056262581933
8056262581940
8056262581995
8056262582008
8056262581957
8056262581964
8056262582084
8056262663332
8056262663356
8056262663349
8056262663363
8056262835982
8056262835999
8056262836002
8056262836019
8056262835968
